|749.000000, 449.000000, -10.000000| |750.000000, 449.000000, 0.000000| |751.000000, 449.000000, 0.000000| 
|749.000000, 450.000000, 0.000000| |750.000000, 450.000000, 0.000000| |751.000000, 450.000000, 0.000000| 
|749.000000, 451.000000, 0.000000| |750.000000, 451.000000, 0.000000| |751.000000, 451.000000, 10.000000|

——————plus
|748.900024, 448.899994, -11.000000| |750.000000, 448.899994, 0.000000| |751.099976, 448.899994, 0.000000| 
|748.900024, 450.000000, 0.000000| |750.000000, 450.000000, 0.000000| |751.099976, 450.000000, 0.000000| 
|748.900024, 451.100006, 0.000000| |750.000000, 451.100006, 0.000000| |751.099976, 451.100006, 11.000000| 
————minus

|749.910034, 449.910004, -9.900000| |750.900024, 449.910004, 0.000000| |751.889954, 449.910004, 0.000000| 
|749.910034, 450.899994, 0.000000| |750.900024, 450.899994, 0.000000| |751.889954, 450.899994, 0.000000| 
|749.910034, 451.890015, 0.000000| |750.900024, 451.890015, 0.000000| |751.889954, 451.890015, 9.900000| 